"V1" "V2" "V3" "V4" "V5" "V6" "V7" "V8" "V9"
"result" 500 0 0.1 0.501272727272727 0.496 0.500545454545455 0.503090909090909 0.491636363636364 0.501727272727273
"result" 500 0 0.1 0.501818181818182 0.508363636363636 0.495545454545455 0.500636363636364 0.498454545454545 0.506363636363636
"result" 500 0 0.1 0.501 0.49725 0.499 0.501666666666667 0.498666666666667 0.5075
"result" 500 0 0.1 0.4975 0.501083333333333 0.4995 0.50475 0.496833333333333 0.497083333333333
"result" 500 0 0.1 0.500232558139535 0.503953488372093 0.502209302325581 0.498604651162791 0.5 0.497325581395349
"result" 500 0 0.1 0.498888888888889 0.510666666666667 0.506444444444444 0.496666666666667 0.500888888888889 0.498444444444444
"result" 500 0 0.1 0.499454545454545 0.505181818181818 0.500454545454545 0.498545454545455 0.496818181818182 0.500818181818182
"result" 500 0 0.1 0.498627450980392 0.49 0.491666666666667 0.497352941176471 0.50078431372549 0.503921568627451
"result" 500 0 0.1 0.500444444444444 0.499222222222222 0.509222222222222 0.496555555555556 0.497444444444444 0.504222222222222
"result" 500 0 0.1 0.502327586206897 0.506637931034483 0.497413793103448 0.507844827586207 0.503793103448276 0.504310344827586
"result" 500 0 0.1 0.500438596491228 0.503771929824561 0.49921052631579 0.500350877192982 0.501491228070175 0.497982456140351
"result" 500 0 0.1 0.500086206896552 0.502758620689655 0.501120689655172 0.504741379310345 0.502672413793103 0.515172413793103
"result" 500 0 0.1 0.500483870967742 0.492903225806452 0.499838709677419 0.501693548387097 0.498467741935484 0.495806451612903
"result" 500 0 0.1 0.500546875 0.5040625 0.498203125 0.49125 0.49890625 0.49875
"result" 500 0 0.1 0.501428571428571 0.496428571428571 0.501020408163265 0.48969387755102 0.500612244897959 0.50030612244898
"result" 500 0 0.1 0.50140350877193 0.50359649122807 0.506666666666667 0.496052631578947 0.505087719298246 0.476929824561404
"result" 500 0 0.1 0.501370967741935 0.499838709677419 0.503225806451613 0.496532258064516 0.500967741935484 0.511774193548387
"result" 500 0 0.1 0.496538461538462 0.510096153846154 0.496730769230769 0.493269230769231 0.494903846153846 0.499807692307692
"result" 500 0 0.1 0.501484375 0.506875 0.501640625 0.4940625 0.50171875 0.51546875
"result" 500 0 0.1 0.500277777777778 0.503425925925926 0.502685185185185 0.500648148148148 0.497685185185185 0.504074074074074
"result" 500 0 0.1 0.50135593220339 0.497203389830508 0.507966101694915 0.505084745762712 0.501440677966102 0.49228813559322
"result" 500 0 0.1 0.501442307692308 0.501826923076923 0.500192307692308 0.496634615384615 0.499519230769231 0.496346153846154
"result" 500 0 0.1 0.502424242424242 0.504469696969697 0.498560606060606 0.508560606060606 0.494469696969697 0.500075757575758
"result" 500 0 0.1 0.500106382978723 0.503723404255319 0.501382978723404 0.497978723404255 0.502553191489362 0.498936170212766
"result" 500 0 0.1 0.501612903225806 0.499032258064516 0.500483870967742 0.502983870967742 0.499354838709677 0.506209677419355
"result" 500 0 0.1 0.500566037735849 0.505754716981132 0.504056603773585 0.501698113207547 0.496415094339623 0.494905660377359
"result" 500 0 0.1 0.500423728813559 0.49728813559322 0.498559322033898 0.501101694915254 0.497966101694915 0.504322033898305
"result" 500 0 0.1 0.500181818181818 0.492 0.501090909090909 0.514545454545455 0.500363636363636 0.494272727272727
"result" 500 0 0.1 0.498909090909091 0.488818181818182 0.499272727272727 0.505090909090909 0.502818181818182 0.499090909090909
"result" 500 0 0.1 0.498833333333333 0.493416666666667 0.498916666666667 0.497166666666667 0.50175 0.49225
"result" 500 0 0.1 0.498425925925926 0.502407407407407 0.500462962962963 0.498703703703704 0.499259259259259 0.496944444444444
"result" 500 0 0.1 0.504015151515152 0.498939393939394 0.501742424242424 0.500833333333333 0.503863636363636 0.4975
"result" 500 0 0.1 0.499285714285714 0.492678571428571 0.500267857142857 0.494375 0.500714285714286 0.510357142857143
"result" 500 0 0.1 0.499333333333333 0.49475 0.497166666666667 0.492583333333333 0.498 0.488
"result" 500 0 0.1 0.500098039215686 0.492745098039216 0.498627450980392 0.495490196078431 0.502647058823529 0.501274509803922
"result" 500 0 0.1 0.502 0.500583333333333 0.500583333333333 0.50525 0.499416666666667 0.49525
"result" 500 0 0.1 0.499528301886792 0.506698113207547 0.497735849056604 0.499150943396226 0.499528301886792 0.504905660377359
"result" 500 0 0.1 0.4998 0.4903 0.4917 0.4959 0.5005 0.4909
"result" 500 0 0.1 0.501792452830189 0.492264150943396 0.492641509433962 0.505943396226415 0.498207547169811 0.495188679245283
"result" 500 0 0.1 0.497254901960784 0.502843137254902 0.499509803921569 0.497843137254902 0.493529411764706 0.49578431372549
"result" 500 0 0.1 0.499426229508197 0.51155737704918 0.495983606557377 0.500409836065574 0.500491803278688 0.505491803278689
"result" 500 0 0.1 0.500178571428571 0.495446428571429 0.504285714285714 0.509017857142857 0.504464285714286 0.499910714285714
"result" 500 0 0.1 0.498333333333333 0.499561403508772 0.498421052631579 0.490964912280702 0.497017543859649 0.490350877192982
"result" 500 0 0.1 0.501785714285714 0.494375 0.499375 0.496875 0.499196428571429 0.491696428571429
"result" 500 0 0.1 0.4985 0.5076 0.4992 0.498 0.5018 0.5
"result" 500 0 0.1 0.501333333333333 0.49 0.50325 0.505166666666667 0.49725 0.505416666666667
"result" 500 0 0.1 0.501583333333333 0.491416666666667 0.499666666666667 0.499583333333333 0.49975 0.4965
"result" 500 0 0.1 0.50054347826087 0.501195652173913 0.496739130434783 0.50054347826087 0.500326086956522 0.502282608695652
"result" 500 0 0.1 0.499913793103448 0.498275862068966 0.501724137931034 0.499568965517241 0.497844827586207 0.497672413793103
"result" 500 0 0.1 0.500849056603774 0.502924528301887 0.498207547169811 0.499245283018868 0.501698113207547 0.503490566037736
"result" 500 0 0.1 0.500943396226415 0.498584905660377 0.500566037735849 0.498396226415094 0.502735849056604 0.499811320754717
"result" 500 0 0.1 0.503555555555556 0.487666666666667 0.499444444444444 0.499222222222222 0.497555555555556 0.496888888888889
"result" 500 0 0.1 0.499150943396226 0.497830188679245 0.498018867924528 0.502452830188679 0.500094339622641 0.501037735849057
"result" 500 0 0.1 0.500204081632653 0.501632653061225 0.496428571428571 0.499387755102041 0.501122448979592 0.500714285714286
"result" 500 0 0.1 0.498181818181818 0.502386363636364 0.497613636363636 0.498636363636364 0.499318181818182 0.499204545454545
"result" 500 0 0.1 0.500098039215686 0.493333333333333 0.484509803921569 0.499019607843137 0.503137254901961 0.499705882352941
"result" 500 0 0.1 0.499393939393939 0.499015151515152 0.498333333333333 0.496818181818182 0.499772727272727 0.499166666666667
"result" 500 0 0.1 0.500625 0.501339285714286 0.498035714285714 0.497767857142857 0.500892857142857 0.500625
"result" 500 0 0.1 0.502076923076923 0.507230769230769 0.495769230769231 0.500461538461539 0.507923076923077 0.497307692307692
"result" 500 0 0.1 0.49921875 0.4834375 0.497421875 0.501953125 0.506171875 0.50046875
"result" 500 0 0.1 0.50078125 0.49671875 0.495703125 0.497890625 0.503046875 0.49328125
"result" 500 0 0.1 0.497413793103448 0.496896551724138 0.495862068965517 0.498793103448276 0.494827586206897 0.497844827586207
"result" 500 0 0.1 0.498819444444444 0.493402777777778 0.507361111111111 0.502291666666667 0.488055555555556 0.501458333333333
"result" 500 0 0.1 0.503095238095238 0.486825396825397 0.507857142857143 0.497301587301587 0.508015873015873 0.506666666666667
"result" 500 0 0.1 0.499307692307692 0.504076923076923 0.507307692307692 0.501461538461539 0.502923076923077 0.503846153846154
"result" 500 0 0.1 0.500075757575758 0.500984848484848 0.505606060606061 0.500378787878788 0.498636363636364 0.498939393939394
"result" 500 0 0.1 0.501111111111111 0.513703703703704 0.499722222222222 0.504074074074074 0.496666666666667 0.497314814814815
"result" 500 0 0.1 0.499097222222222 0.508055555555556 0.500763888888889 0.497013888888889 0.496319444444444 0.499861111111111
"result" 500 0 0.1 0.499347826086957 0.492028985507246 0.494782608695652 0.503695652173913 0.488985507246377 0.488695652173913
"result" 500 0 0.1 0.499830508474576 0.493813559322034 0.493813559322034 0.510847457627119 0.503728813559322 0.502033898305085
"result" 500 0 0.1 0.499642857142857 0.496607142857143 0.487589285714286 0.491875 0.496517857142857 0.496696428571429
"result" 500 0 0.1 0.501293103448276 0.488793103448276 0.503879310344828 0.498362068965517 0.503275862068965 0.484741379310345
"result" 500 0 0.1 0.499384615384615 0.497076923076923 0.488307692307692 0.498 0.498230769230769 0.497769230769231
"result" 500 0 0.1 0.5 0.496287878787879 0.495681818181818 0.487651515151515 0.499015151515152 0.496212121212121
"result" 500 0 0.1 0.498064516129032 0.502016129032258 0.491048387096774 0.499354838709677 0.49758064516129 0.496451612903226
"result" 500 0 0.1 0.498358208955224 0.501865671641791 0.514626865671642 0.508880597014925 0.501194029850746 0.497388059701493
"result" 500 0 0.1 0.498455882352941 0.493602941176471 0.492132352941176 0.505661764705882 0.497720588235294 0.505294117647059
"result" 500 0 0.1 0.499821428571429 0.493482142857143 0.49125 0.488571428571429 0.498571428571429 0.500625
"result" 500 0 0.1 0.499 0.49775 0.50075 0.507583333333333 0.498583333333333 0.495166666666667
"result" 500 0 0.1 0.500254237288136 0.505084745762712 0.489406779661017 0.496186440677966 0.498813559322034 0.491271186440678
"result" 500 0 0.1 0.500636363636364 0.507181818181818 0.503454545454545 0.502181818181818 0.500454545454545 0.499818181818182
"result" 500 0 0.1 0.501885245901639 0.51016393442623 0.496967213114754 0.497377049180328 0.503032786885246 0.505409836065574
"result" 500 0 0.1 0.497769230769231 0.509923076923077 0.510923076923077 0.499230769230769 0.501 0.497692307692308
"result" 500 0 0.1 0.500241935483871 0.492903225806452 0.500564516129032 0.49741935483871 0.499516129032258 0.514274193548387
"result" 500 0 0.1 0.501617647058824 0.5 0.504117647058824 0.49625 0.500588235294118 0.508970588235294
"result" 500 0 0.1 0.499722222222222 0.490185185185185 0.498055555555556 0.498055555555556 0.499444444444444 0.491388888888889
"result" 500 0 0.1 0.499090909090909 0.50969696969697 0.500909090909091 0.496060606060606 0.496136363636364 0.498560606060606
"result" 500 0 0.1 0.500849056603774 0.483962264150943 0.487924528301887 0.492547169811321 0.501320754716981 0.496320754716981
"result" 500 0 0.1 0.499202898550725 0.488985507246377 0.495869565217391 0.497536231884058 0.496884057971014 0.496231884057971
"result" 500 0 0.1 0.499553571428571 0.499375 0.497857142857143 0.501517857142857 0.501071428571429 0.482767857142857
"result" 500 0 0.1 0.498606557377049 0.495 0.505819672131148 0.499590163934426 0.495245901639344 0.49483606557377
"result" 500 0 0.1 0.499736842105263 0.500964912280702 0.503333333333333 0.507456140350877 0.500877192982456 0.5
"result" 500 0 0.1 0.50375 0.4975 0.4903125 0.491796875 0.499375 0.499609375
"result" 500 0 0.1 0.499666666666667 0.511583333333333 0.522833333333333 0.509666666666667 0.505083333333333 0.500083333333333
"result" 500 0 0.1 0.501846153846154 0.495923076923077 0.501153846153846 0.500615384615385 0.500153846153846 0.490461538461538
"result" 500 0 0.1 0.498813559322034 0.501271186440678 0.496271186440678 0.492881355932203 0.500169491525424 0.512372881355932
"result" 500 0 0.1 0.502377049180328 0.502786885245902 0.511147540983607 0.495081967213115 0.499672131147541 0.516065573770492
"result" 500 0 0.1 0.500714285714286 0.508730158730159 0.495952380952381 0.496428571428571 0.502857142857143 0.507857142857143
"result" 500 0 0.1 0.500508474576271 0.496694915254237 0.500762711864407 0.505593220338983 0.501016949152542 0.514830508474576
"result" 500 0 0.1 0.500789473684211 0.501666666666667 0.488508771929825 0.494736842105263 0.501666666666667 0.492894736842105
"result" 500 0 0.1 0.499324324324324 0.514324324324324 0.489256756756757 0.517702702702703 0.501148648648649 0.507905405405405
"result" 500 0 0.1 0.498405797101449 0.500724637681159 0.506521739130435 0.504347826086956 0.50463768115942 0.508405797101449
"result" 500 0 0.1 0.499661016949153 0.495677966101695 0.497457627118644 0.500508474576271 0.499915254237288 0.499661016949153
"result" 500 0 0.1 0.498833333333333 0.510666666666667 0.500666666666667 0.495583333333333 0.504 0.497333333333333
"result" 500 0 0.1 0.498220338983051 0.508813559322034 0.516610169491525 0.51271186440678 0.501779661016949 0.496864406779661
"result" 500 0 0.1 0.50036231884058 0.506231884057971 0.50463768115942 0.498115942028986 0.506159420289855 0.512028985507246
"result" 500 0 0.1 0.500234375 0.506640625 0.5125 0.50859375 0.496171875 0.49515625
"result" 500 0 0.1 0.50015873015873 0.498809523809524 0.516746031746032 0.504206349206349 0.5 0.504761904761905
"result" 500 0 0.1 0.499435483870968 0.492338709677419 0.507338709677419 0.508790322580645 0.498145161290323 0.504032258064516
"result" 500 0 0.1 0.499121621621622 0.506283783783784 0.509797297297297 0.48277027027027 0.499121621621622 0.487094594594595
"result" 500 0 0.1 0.499365079365079 0.503650793650794 0.486031746031746 0.491031746031746 0.503015873015873 0.501190476190476
"result" 500 0 0.1 0.500338983050847 0.503305084745763 0.502033898305085 0.500847457627119 0.497457627118644 0.508389830508475
"result" 500 0 0.1 0.499769230769231 0.501538461538462 0.496 0.501538461538461 0.499615384615385 0.499615384615385
"result" 500 0 0.1 0.499 0.500083333333333 0.500333333333333 0.497833333333333 0.498833333333333 0.515166666666667
"result" 500 0 0.1 0.5 0.495 0.509621212121212 0.509318181818182 0.497045454545455 0.501136363636364
"result" 500 0 0.1 0.500227272727273 0.509166666666667 0.491666666666667 0.511439393939394 0.499015151515152 0.503106060606061
"result" 500 0 0.1 0.500220588235294 0.501470588235294 0.503823529411765 0.499485294117647 0.500588235294118 0.502426470588235
"result" 500 0 0.1 0.501507936507936 0.503015873015873 0.493968253968254 0.507619047619048 0.501666666666667 0.499047619047619
"result" 500 0 0.1 0.5003125 0.503359375 0.5071875 0.504609375 0.50296875 0.50234375
"result" 500 0 0.1 0.500367647058824 0.516691176470588 0.502426470588235 0.488823529411765 0.501617647058824 0.499926470588235
"result" 500 0 0.1 0.499677419354839 0.502177419354839 0.498064516129032 0.502903225806452 0.499596774193548 0.510967741935484
"result" 500 0 0.1 0.498134328358209 0.498731343283582 0.498731343283582 0.496641791044776 0.505522388059702 0.496194029850746
"result" 500 0 0.1 0.500230769230769 0.497615384615385 0.500615384615385 0.483076923076923 0.501384615384615 0.490615384615385
"result" 500 0 0.1 0.498015873015873 0.491666666666667 0.488174603174603 0.487063492063492 0.504761904761905 0.491507936507937
"result" 500 0 0.1 0.500076923076923 0.505692307692308 0.499461538461538 0.503384615384615 0.486923076923077 0.498384615384615
"result" 500 0 0.1 0.4984 0.495333333333333 0.5004 0.503666666666667 0.4974 0.497933333333333
"result" 500 0 0.1 0.503307692307692 0.488692307692308 0.510153846153846 0.496923076923077 0.502 0.502076923076923
"result" 500 0 0.1 0.498852459016393 0.496311475409836 0.505327868852459 0.501475409836066 0.497786885245902 0.497459016393443
"result" 500 0 0.1 0.497950819672131 0.505655737704918 0.508032786885246 0.499590163934426 0.50172131147541 0.500573770491803
"result" 500 0 0.1 0.499375 0.504583333333333 0.493819444444444 0.495069444444444 0.497361111111111 0.497638888888889
"result" 500 0 0.1 0.498412698412698 0.504761904761905 0.487857142857143 0.501428571428571 0.491269841269841 0.504285714285714
"result" 500 0 0.1 0.498333333333333 0.494285714285714 0.486428571428571 0.507698412698413 0.502857142857143 0.495
"result" 500 0 0.1 0.499365079365079 0.501111111111111 0.503888888888889 0.49047619047619 0.512380952380952 0.507063492063492
"result" 500 0 0.1 0.4996875 0.4978125 0.479296875 0.496796875 0.496015625 0.505234375
"result" 500 0 0.1 0.498897058823529 0.498455882352941 0.49625 0.501838235294118 0.49625 0.503014705882353
"result" 500 0 0.1 0.498947368421053 0.510964912280702 0.504736842105263 0.493245614035088 0.499736842105263 0.502894736842105
"result" 500 0 0.1 0.501363636363636 0.507272727272727 0.502575757575758 0.504242424242424 0.514848484848485 0.512954545454545
"result" 500 0 0.1 0.499672131147541 0.498114754098361 0.49827868852459 0.492131147540984 0.496967213114754 0.495819672131148
"result" 500 0 0.1 0.500655737704918 0.49672131147541 0.49983606557377 0.507377049180328 0.499016393442623 0.50516393442623
"result" 500 0 0.1 0.500507246376812 0.5 0.489202898550725 0.499782608695652 0.506884057971015 0.503768115942029
"result" 500 0 0.1 0.501166666666667 0.509916666666667 0.5035 0.495916666666667 0.498083333333333 0.494666666666667
"result" 500 0 0.1 0.497844827586207 0.498706896551724 0.502586206896552 0.50698275862069 0.486379310344828 0.492586206896552
"result" 500 0 0.1 0.498623188405797 0.506811594202899 0.499492753623188 0.493333333333333 0.484565217391304 0.499130434782609
"result" 500 0 0.1 0.501083333333333 0.50575 0.5085 0.5135 0.487 0.503
"result" 500 0 0.1 0.500217391304348 0.50304347826087 0.500869565217391 0.496666666666667 0.502536231884058 0.504057971014493
"result" 500 0 0.1 0.499181818181818 0.489818181818182 0.497363636363636 0.503272727272727 0.506363636363636 0.495181818181818
"result" 500 0 0.1 0.499191176470588 0.509926470588235 0.49875 0.498088235294118 0.502941176470588 0.500220588235294
"result" 500 0 0.1 0.501746031746032 0.497936507936508 0.5 0.496666666666667 0.489761904761905 0.500714285714286
"result" 500 0 0.1 0.5 0.496875 0.51609375 0.5059375 0.49140625 0.4996875
"result" 500 0 0.1 0.498823529411765 0.498676470588235 0.510808823529412 0.487205882352941 0.494411764705882 0.498161764705882
"result" 500 0 0.1 0.498671875 0.510390625 0.50125 0.501171875 0.491796875 0.495078125
"result" 500 0 0.1 0.500327868852459 0.493934426229508 0.498934426229508 0.493114754098361 0.494098360655738 0.495081967213115
"result" 500 0 0.1 0.499692307692308 0.495384615384615 0.489 0.487153846153846 0.506230769230769 0.497384615384615
"result" 500 0 0.1 0.501617647058824 0.497352941176471 0.505661764705882 0.493970588235294 0.499926470588235 0.50375
"result" 500 0 0.1 0.500625 0.482053571428571 0.490714285714286 0.491607142857143 0.5025 0.4975
"result" 500 0 0.1 0.501532258064516 0.504758064516129 0.488629032258065 0.501048387096774 0.498387096774194 0.498790322580645
"result" 500 0 0.1 0.4997 0.5032 0.4913 0.5019 0.484 0.498
"result" 500 0 0.1 0.500423728813559 0.504830508474576 0.501101694915254 0.50406779661017 0.499322033898305 0.499576271186441
"result" 500 0 0.1 0.497890625 0.49875 0.500859375 0.496328125 0.506328125 0.502265625
"result" 500 0 0.1 0.499444444444444 0.506587301587302 0.50015873015873 0.499761904761905 0.491666666666667 0.502698412698413
"result" 500 0 0.1 0.498828125 0.512109375 0.489765625 0.495078125 0.483046875 0.496953125
"result" 500 0 0.1 0.499338235294118 0.506691176470588 0.495588235294118 0.500808823529412 0.493235294117647 0.497867647058824
"result" 500 0 0.1 0.499180327868852 0.505409836065574 0.49155737704918 0.487131147540984 0.507295081967213 0.497540983606557
"result" 500 0 0.1 0.498880597014925 0.499477611940298 0.494029850746269 0.514328358208955 0.498059701492537 0.499701492537313
"result" 500 0 0.1 0.500211267605634 0.50112676056338 0.489788732394366 0.500070422535211 0.49943661971831 0.498380281690141
"result" 500 0 0.1 0.501475409836066 0.509508196721311 0.493524590163934 0.49672131147541 0.497459016393443 0.498114754098361
"result" 500 0 0.1 0.498432835820896 0.498134328358209 0.499253731343284 0.504029850746269 0.51 0.500671641791045
"result" 500 0 0.1 0.499615384615385 0.495769230769231 0.498846153846154 0.5 0.502846153846154 0.501230769230769
"result" 500 0 0.1 0.497923076923077 0.495846153846154 0.498307692307692 0.514307692307692 0.502076923076923 0.501
"result" 500 0 0.1 0.498050847457627 0.499661016949153 0.499745762711864 0.495338983050847 0.493813559322034 0.499322033898305
"result" 500 0 0.1 0.498306451612903 0.49758064516129 0.504677419354839 0.500645161290323 0.502177419354839 0.497258064516129
"result" 500 0 0.1 0.499117647058824 0.502647058823529 0.501323529411765 0.501176470588235 0.500367647058824 0.495588235294118
"result" 500 0 0.1 0.500762711864407 0.507033898305085 0.502542372881356 0.50406779661017 0.502542372881356 0.503389830508475
"result" 500 0 0.1 0.499179104477612 0.498283582089552 0.503432835820895 0.50365671641791 0.487014925373134 0.497089552238806
"result" 500 0 0.1 0.501234567901235 0.499259259259259 0.508765432098765 0.509382716049383 0.494753086419753 0.505925925925926
"result" 500 0 0.1 0.498243243243243 0.496756756756757 0.502972972972973 0.50277027027027 0.495067567567568 0.504189189189189
"result" 500 0 0.1 0.497982456140351 0.491578947368421 0.494473684210526 0.493947368421053 0.48719298245614 0.481929824561403
"result" 500 0 0.1 0.499285714285714 0.501111111111111 0.507380952380952 0.492063492063492 0.507222222222222 0.497460317460317
"result" 500 0 0.1 0.49828125 0.494375 0.496171875 0.499375 0.502734375 0.501484375
"result" 500 0 0.1 0.499925373134328 0.485597014925373 0.499925373134328 0.506194029850746 0.495970149253731 0.497313432835821
"result" 500 0 0.1 0.49921052631579 0.489013157894737 0.489013157894737 0.507434210526316 0.502631578947368 0.500855263157895
"result" 500 0 0.1 0.501865671641791 0.509402985074627 0.493805970149254 0.508955223880597 0.509029850746269 0.502089552238806
"result" 500 0 0.1 0.503032786885246 0.506311475409836 0.495491803278689 0.505655737704918 0.503360655737705 0.50983606557377
"result" 500 0 0.1 0.499776119402985 0.502388059701493 0.497686567164179 0.50365671641791 0.495 0.507462686567164
"result" 500 0 0.1 0.499485294117647 0.491691176470588 0.490367647058824 0.505955882352941 0.506323529411765 0.492794117647059
"result" 500 0 0.1 0.505153846153846 0.504461538461539 0.503153846153846 0.492 0.499692307692308 0.497076923076923
"result" 500 0 0.1 0.498384615384615 0.503 0.508 0.494384615384615 0.501076923076923 0.496769230769231
"result" 500 0 0.1 0.500704225352113 0.500633802816901 0.489788732394366 0.505422535211268 0.504366197183099 0.507183098591549
"result" 500 0 0.1 0.499237288135593 0.501271186440678 0.502627118644068 0.495169491525424 0.492881355932203 0.502033898305085
"result" 500 0 0.1 0.499485294117647 0.503897058823529 0.505073529411765 0.493970588235294 0.500147058823529 0.500808823529412
"result" 500 0 0.1 0.501304347826087 0.491304347826087 0.49804347826087 0.504202898550725 0.508840579710145 0.505869565217391
"result" 500 0 0.1 0.498235294117647 0.494411764705882 0.500073529411765 0.517720588235294 0.506617647058824 0.490808823529412
"result" 500 0 0.1 0.500373134328358 0.487462686567164 0.497388059701493 0.500522388059702 0.498059701492537 0.493059701492537
"result" 500 0 0.1 0.499444444444444 0.496111111111111 0.489920634920635 0.494047619047619 0.502142857142857 0.48984126984127
"result" 500 0 0.1 0.499178082191781 0.500205479452055 0.50527397260274 0.507397260273973 0.506095890410959 0.496917808219178
"result" 500 0 0.1 0.498985507246377 0.496811594202899 0.507391304347826 0.502101449275362 0.503695652173913 0.517826086956522
"result" 500 0 0.1 0.501883116883117 0.513701298701299 0.509220779220779 0.496428571428571 0.500649350649351 0.49948051948052
"result" 500 0 0.1 0.498983050847458 0.492881355932203 0.492372881355932 0.490084745762712 0.496101694915254 0.496864406779661
"result" 500 0 0.1 0.501119402985075 0.500671641791045 0.505671641791045 0.491940298507463 0.509029850746269 0.51044776119403
"result" 500 0 0.1 0.497460317460317 0.515238095238095 0.49468253968254 0.502936507936508 0.508730158730159 0.504365079365079
